1.000000000000000000e+02
1.018049502157645918e+02
1.036424788843430633e+02
1.055131740305897665e+02
1.074176342929149826e+02
1.093564691148541783e+02
1.113302989400952754e+02
1.133397554110258767e+02
1.153854815708642292e+02
1.174681320694385533e+02
1.195883733726805360e+02
1.217468839759001042e+02
1.239443546209097633e+02
1.261814885170678906e+02
1.284590015663116844e+02
1.307776225922518734e+02
1.331380935734025286e+02
1.355411698806205152e+02
1.379876205188306244e+02
1.404782283731136658e+02
1.430137904592364464e+02
1.455951181787035580e+02
1.482230375784127716e+02
1.508983896149971713e+02
1.536220304239383552e+02
1.563948315935371625e+02
1.592176804438293800e+02
1.620914803105356725e+02
1.650171508341366859e+02
1.679956282541660357e+02
1.710278657088146872e+02
1.741148335399434757e+02
1.772575196036008549e+02
1.804569295861450087e+02
1.837140873260722742e+02
1.870300351416541673e+02
1.904058341644880556e+02
1.938425646790683174e+02
1.973413264684867841e+02
2.009032391663724582e+02
2.045294426151839389e+02
2.082210972309688088e+02
2.119793843747065694e+02
2.158055067303542671e+02
2.197006886897157187e+02
2.236661767442570294e+02
2.277032398839948826e+02
2.318131700035840197e+02
2.359972823157343953e+02
2.402569157720908493e+02
2.445934334917085380e+02
2.490082231972631348e+02
2.535026976591337302e+02
2.580782951475013078e+02
2.627364798926076901e+02
2.674787425533215810e+02
2.723066006941622277e+02
2.772215992709326997e+02
2.822253111251194468e+02
2.873193374872145682e+02
2.925053084891234789e+02
2.977848836858207733e+02
3.031597525864223144e+02
3.086316351948423176e+02
3.142022825602094258e+02
3.198734773372171389e+02
3.256470343565889607e+02
3.315248012058391964e+02
3.375086588205170983e+02
3.436005220861222256e+02
3.498023404508839462e+02
3.561160985496017588e+02
3.625438168387452151e+02
3.690875522430173419e+02
3.757493988135879022e+02
3.825314883982078982e+02
3.894359913234188753e+02
3.964651170890758749e+02
4.036211150754065216e+02
4.109062752628315138e+02
4.183229289647782139e+02
4.258734495737207340e+02
4.335602533206857174e+02
4.413858000484668764e+02
4.493525939987959532e+02
4.574631846137210118e+02
4.657201673514499021e+02
4.741261845169191247e+02
4.826839261073536704e+02
4.913961306730893739e+02
5.002655861939320516e+02
5.092951309713354817e+02
5.184876545366811342e+02
5.278460985759536470e+02
5.373734578711054155e+02
5.470727812584115100e+02
5.569471726041246029e+02
5.669997917977374300e+02
5.772338557631755975e+02
5.876526394882391742e+02
5.982594770726285560e+02
6.090577627948829331e+02
6.200509521985802621e+02
6.312425631981387824e+02
6.426361772045815997e+02
6.542354402716169943e+02
6.660440642624079146e+02
6.780658280373994558e+02
6.903045786635865397e+02
7.027642326456077626e+02
7.154487771790610395e+02
7.283622714264396336e+02
7.415088478160989780e+02
7.548927133646691345e+02
7.685181510233359177e+02
7.823895210484216705e+02
7.965112623967047512e+02
8.108878941459232692e+02
8.255240169409191822e+02
8.404243144658826168e+02
8.555935549431726486e+02
8.710365926591874768e+02
8.867583695177779646e+02
9.027639166216996500e+02
9.190583558826078843e+02
9.356469016601134854e+02
9.525348624304223222e+02
9.697276424850931562e+02
9.872307436604567101e+02
1.005049767098250527e+03
1.023190415038032029e+03
1.041658492641943440e+03
1.060459909852414285e+03
1.079600683283392527e+03
1.099086938145712111e+03
1.118924910207213543e+03
1.139120947788242347e+03
1.159681513793165777e+03
1.180613187778557631e+03
1.201922668058711906e+03
1.223616773849161063e+03
1.245702447448883277e+03
1.268186756461896721e+03
1.291076896058953480e+03
1.314380191280056579e+03
1.338104099378532737e+03
1.362256212207420504e+03
1.386844258648924779e+03
1.411876107087727405e+03
1.437359767928935980e+03
1.463303396161482851e+03
1.489715293967790103e+03
1.516603913380539780e+03
1.543977858987396075e+03
1.571845890684546475e+03
1.600216926479944050e+03
1.629100045347145397e+03
1.658504490130659633e+03
1.688439670503738171e+03
1.718915165979550693e+03
1.749940728976708442e+03
1.781526287940125940e+03
1.813681950518204303e+03
1.846418006797366161e+03
1.879744932594971488e+03
1.913673392811668236e+03
1.948214244844252107e+03
1.983378542060124801e+03
2.019177537334467615e+03
2.055622686651256117e+03
2.092725652769273893e+03
2.130498308954293861e+03
2.168952742778625179e+03
2.208101259989240134e+03
2.247956388445716584e+03
2.288530882129261045e+03
2.329837725224092537e+03
2.371890136272489599e+03
2.414701572404839226e+03
2.458285733646031076e+03
2.502656567299585276e+03
2.547828272410905811e+03
2.593815304311097407e+03
2.640632379242795650e+03
2.688294479069487807e+03
2.736816856069840469e+03
2.786215037818554720e+03
2.836504832155325857e+03
2.887702332243486580e+03
2.939823921719954342e+03
2.992886279938137704e+03
3.046906387305469707e+03
3.101901530717284913e+03
3.157889309088771824e+03
3.214887638986776437e+03
3.272914760363257756e+03
3.331989242392224696e+03
3.392129989412036593e+03
3.453356246974944042e+03
3.515687608005838229e+03
3.579144019072148694e+03
3.643745786766916808e+03
3.709513584207079475e+03
3.776468457649041738e+03
3.844631833223660124e+03
3.914025523792784497e+03
3.984671735929563056e+03
4.056593077024735067e+03
4.129812562521184191e+03
4.204353623279083877e+03
4.280240113073965404e+03
4.357496316230136472e+03
4.436146955391865959e+03
4.516217199434846407e+03
4.597732671520442636e+03
4.680719457295330358e+03
4.765204113239116850e+03
4.851213675162650361e+03
4.938775666859699413e+03
5.027918108914812365e+03
5.118669527670137541e+03
5.211058964354095224e+03
5.305115984374824620e+03
5.400870686781359836e+03
5.498353713895587134e+03
5.597596261118044822e+03
5.698630086910726277e+03
5.801487522960046590e+03
5.906201484523269755e+03
6.012805480961664216e+03
6.121333626463786459e+03
6.231820650962315085e+03
6.344301911247921453e+03
6.458813402283747564e+03
6.575391768724100075e+03
6.694074316641052974e+03
6.814899025462707868e+03
6.937904560126935394e+03
7.063130283454488563e+03
7.190616268745434354e+03
7.320403312602958977e+03
7.452532947988624073e+03
7.587047457513272093e+03
7.723989886967818165e+03
7.863404059098279504e+03
8.005334587629416092e+03
8.149826891541509212e+03
8.296927209604828022e+03
8.446682615176421677e+03
8.599141031264000048e+03
8.754351245861700590e+03
8.912362927562671757e+03
9.073226641453436969e+03
9.236993865295160504e+03
9.403717005996966691e+03
9.573449416386602024e+03
9.746245412283786209e+03
9.922160289881747303e+03
1.010125034344247615e+04
1.028357288331136260e+04
1.046918625425699975e+04
1.065814985414200964e+04
1.085052415293085687e+04
1.104637071204077256e+04
1.124575220404190804e+04
1.144873243271311367e+04
1.165537635345968010e+04
1.186575009409962513e+04
1.207992097602516333e+04
1.229795753574612172e+04
1.251992954682220807e+04
1.274590804219115125e+04
1.297596533689983517e+04
1.321017505124574745e+04
1.344861213433608827e+04
1.369135288807212783e+04
1.393847499156647973e+04
1.419005752600105006e+04
1.444618099993372743e+04
1.470692737506177218e+04
1.497238009245029025e+04
1.524262409923406994e+04
1.551774587580137813e+04
1.579783346346845610e+04
1.608297649265346081e+04
1.637326621155897919e+04
1.666879551537222142e+04
1.696965897599228992e+04
1.727595287229397945e+04
1.758777522093783773e+04
1.790522580773634763e+04
1.822840621958622069e+04
1.855741987697708828e+04
1.889237206708692611e+04
1.923336997747486021e+04
1.958052273038209387e+04
1.993394141765196036e+04
2.029373913628025548e+04
2.066003102460725131e+04
2.103293429916292735e+04
2.141256829217729319e+04
2.179905448976768821e+04
2.219251657081539088e+04
2.259308044654391779e+04
2.300087430081167622e+04
2.341602863113192143e+04
2.383867629043303532e+04
2.426895252957262710e+04
2.470699504061895641e+04
2.515294400091355419e+04
2.560694211792918577e+04
2.606913467493746430e+04
2.653966957750070651e+04
2.701869740080301926e+04
2.750637143783559441e+04
2.800284774845181528e+04
2.850828520930772356e+04
2.902284556470390817e+04
2.954669347834505243e+04
3.007999658603374701e+04
3.062292554931534687e+04
3.117565411009114177e+04
3.173835914621725533e+04
3.231122072810704412e+04
3.289442217635518318e+04
3.348815012040182046e+04
3.409259455825557961e+04
3.470794891729456140e+04
3.533441011616473406e+04
3.597217862779559800e+04
3.662145854355322081e+04
3.728245763855121913e+04
3.795538743814059126e+04
3.864046328559959511e+04
3.933790441104546335e+04
4.004793400158989243e+04
4.077077927276085393e+04
4.150667154121345084e+04
4.225584629875328392e+04
4.301854328769578569e+04
4.379500657758583111e+04
4.458548464330208662e+04
4.539023044457105425e+04
4.620950150691638555e+04
4.704356000406921521e+04
4.789267284186599863e+04
4.875711174366069463e+04
4.963715333727847610e+04
5.053307924353908311e+04
5.144517616637783794e+04
5.237373598459333880e+04
5.331905584525124141e+04
5.428143825877374184e+04
5.526119119574559591e+04
5.625862818546729977e+04
5.727406841628708207e+04
5.830783683774401288e+04
5.936026426455454202e+04
6.043168748247604526e+04
6.152244935608117521e+04
6.263289893847743224e+04
6.376339158300709096e+04
6.491428905696340371e+04
6.608595965735911159e+04
6.727877832878471236e+04
6.849312678339389095e+04
6.972939362305466784e+04
7.098797446370533726e+04
7.226927206195489271e+04
7.357369644396865624e+04
7.490166503668004589e+04
7.625360280137087102e+04
7.762994236966248718e+04
7.903112418196164072e+04
8.045759662840513920e+04
8.190981619234853133e+04
8.338824759644472215e+04
8.489336395135904604e+04
8.642564690716892073e+04
8.798558680749581254e+04
8.957368284641944047e+04
9.119044322822417598e+04
9.283638533002870099e+04
9.451203586735109275e+04
9.621793106266234827e+04
9.795461681698210305e+04
9.972264888457160851e+04
1.015225930507798330e+05
1.033550253130996862e+05
1.052205320654920361e+05
1.071197102860367741e+05
1.090531677279709984e+05
1.110215231141751428e+05
1.130254063351695804e+05
1.150654586506850173e+05
1.171423328948710841e+05
1.192566936852087383e+05
1.214092176351936068e+05
1.236005935708581383e+05
1.258315227512016718e+05
1.281027190925993345e+05
1.304149093972615228e+05
1.327688335858165810e+05
1.351652449340918974e+05
1.376049103141685482e+05
1.400886104397868039e+05
1.426171401161813410e+05
1.451913084944256407e+05
1.478119393303671968e+05
1.504798712482364790e+05
1.531959580090138188e+05
1.559610687836401339e+05
1.587760884311592090e+05
1.616419177818799799e+05
1.645594739256500616e+05
1.675296905053321680e+05
1.705535180155778653e+05
1.736319241069941781e+05
1.767658938957995560e+05
1.799564302790699876e+05
1.832045542556743021e+05
1.865113052530026471e+05
1.898777414595920709e+05
1.933049401637559058e+05
1.967939980983252462e+05
2.003460317916127096e+05
2.039621779247112572e+05
2.076435936952414631e+05
2.113914571876650734e+05
2.152069677502817358e+05
2.190913463790309033e+05
2.230458361082207412e+05
2.270717024083100259e+05
2.311702335908691166e+05
2.353427412208510214e+05
2.395905605363030627e+05
2.439150508756546478e+05
2.483175961127170885e+05
2.527996050995350233e+05
2.573625121172311192e+05
2.620077773349882627e+05
2.667368872773161274e+05
2.715513552997517982e+05
2.764527220731463167e+05
2.814425560766926501e+05
2.865224540998523007e+05
2.916940417533415603e+05
2.969589739893410006e+05
3.023189356310938601e+05
3.077756419120645151e+05
3.133308390248271753e+05
3.189863046798628056e+05
3.247438486744414549e+05
3.306053134717729990e+05
3.365725747906109900e+05
3.426475422054985538e+05
3.488321597578487708e+05
3.551284065780543024e+05
3.615382975188262644e+05
3.680638837999639800e+05
3.747072536647629458e+05
3.814705330482706195e+05
3.883558862576037645e+05
3.953655166645448189e+05
4.025016674106403370e+05
4.097666221250246745e+05
4.171627056552016293e+05
4.246922848110146588e+05
4.323577691220465349e+05
4.401616116086898837e+05
4.481063095671338378e+05
4.561944053685205290e+05
4.644284872725256719e+05
4.728111902556233108e+05
4.813451968543013209e+05
4.900332380234955344e+05
4.988780940105188056e+05
5.078825952447640011e+05
5.170496232434650883e+05
5.263821115338079398e+05
5.358830465916837566e+05
5.455554687973861583e+05
5.554024734085600358e+05
5.654272115507097915e+05
5.756328912255859468e+05
5.860227783377742162e+05
5.966001977398113813e+05
6.073685342961681308e+05
6.183312339664330939e+05
6.294918049080499914e+05
6.408538185989581980e+05
6.524209109804957407e+05
6.641967836209315574e+05
6.761852048999989638e+05
6.883900112148097251e+05
7.008151082075333688e+05
7.134644720152360387e+05
7.263421505422787741e+05
7.394522647556808079e+05
7.527990100038645323e+05
